2121677449
1109591824
2121677449
2121677449
2121677449
2121677449
2121677449
2121677449
2121677449
2121677449
2121677449
2121677449
2121677449
2121677449
2121677449
2121677449
2121677449
2121677449
2121677449
2121677449
2121677449
2121677449
2121677449
2121677449
2121677449
2121677449
2121677449
2121677449
2121677449
2121677449
2121677449
2121677449
2121677449
2121677449
2121677449
2121677449
2121677449
2121677449
2121677449
2121677449
2121677449
2121677449
2121677449
2121677449
2121677449
2121677449
2121677449
2121677449
